% vbb version=1.400000
nFrame=1842 n=3
log=[733411.669386 733411.669421 733411.669479 733411.669505 733411.669533 733411.669571 733411.669593 733411.669620 733411.669661 733411.669681 733411.669708 733411.669753 733411.669783 733411.669813 733411.669856 733411.669878 733411.669916 733411.669956 733411.669979 733411.670015 733411.670041 733411.670076 733411.670137 733411.670214 733411.670240 733411.670277 733411.670298 733411.670330 733411.670361 733411.670397 733411.670450 733411.670463 733411.670511 733411.670546 733411.670592 733411.670616 733411.670647 733411.670697 733411.670732 733411.670751 733411.670763 733411.670792 733411.670857 733411.670874 733411.670898 733411.670913 733411.670932 733411.670950 733411.671224 733411.671265 733411.671279 733411.671300 733411.671337 733411.671371 733411.671390 733411.671422 733411.671446 733411.671475 733411.671495 733411.671530 733411.671592 733411.671623 733411.671659 733411.671675 733411.671804 733411.671817 733411.671834 733411.671848 733411.671891 733411.671936 733411.671952 733411.671977 733411.671998 733411.672036 733411.672053 733411.672076 733411.672124 733411.672150 733411.672238 733411.672313 733411.672343 733411.672362 733411.672385 733411.672399 733411.672447 733411.672475 733411.672512 733411.672544 733411.672571 733411.672596 733411.672617 733411.672648 733411.672735 733411.673681 733411.673716 733411.673732 733411.673755 733411.673785 733411.673822 733411.673867 733411.673893 733411.673941 733411.673954 733411.673988 733411.674013 733411.674032 733411.674192 733411.675098 733411.675136 733411.675171 733411.675208 733411.675268 733411.675287 733411.675313 733411.675358 733411.675387 733411.675428 733411.675459 733411.675487 733411.675532 733411.675573 733411.675607 733411.675628 733411.675676 733411.675736 733411.675761 733411.675791 733411.675845 733411.675858 733411.675885 733411.675996 733411.676164 733411.676212 733411.676226 733411.676259 733411.676275 733411.676312 733411.676344 733411.676381 733411.676408 733411.676450 733411.676465 733411.676499 733411.676550 733411.676604 733411.676680 733411.676714 733411.676756 733411.676776 733411.676803 733411.676827 733411.676850 733411.676873 733411.676904 733411.676943 733411.676958 733411.676996 733411.677012 733411.677041 733411.677057 733411.677129 733530.600332 733530.600377 733530.600415 733530.600481 733530.600500 733530.600554 733530.600568 733530.600585 733530.600656 733530.601771 733530.601834 733530.601868 733530.601967 733560.590307 733560.590356 733560.590389 733560.590421 733560.590437 733560.590465 733560.590503 733560.590528 733560.590614 733560.590630 733560.590672 733560.590703 733560.590732 733560.590769 733560.590830 733560.590854 733560.590875 733560.590899 733560.590913 733560.590939 733560.590955 733560.591040 733560.591065 733560.591090 733560.591110 733560.591141 733560.591154 733560.591171 733560.591193 733560.591216 733560.591247 733560.591342 ]

-----------------------------------
lbl='person' str=219 end=248 hide=0
pos =[69.756039 177.891304 40.502415 68.019324; 91.553140 175.572464 39.574879 68.019324; 113.350242 173.253623 38.647343 68.019324; 135.765700 172.480676 38.801932 69.101449; 157.083120 173.903808 38.956522 70.183575; 178.892915 172.880032 38.982287 71.008052; 200.432557 171.856257 39.008052 71.832528; 222.644695 171.111692 39.167325 72.502415; 244.278402 170.367128 39.326599 73.172303; 265.333678 169.622564 39.485873 73.842190; 285.810522 168.878000 39.645147 74.512077; 305.708935 168.133436 39.804421 75.181965; 325.028917 167.388872 39.963695 75.851852; 343.770467 166.644308 40.122969 76.521739; 366.291429 165.899743 40.282243 77.191626; 386.988861 165.155179 40.441517 77.861514; 405.862764 164.410615 40.600791 78.531401; 422.913138 163.666051 40.760064 79.201288; 440.541943 162.921487 40.919338 79.871176; 458.170748 162.176923 41.078612 80.541063; 475.799554 161.432359 41.237886 81.210950; 493.428359 160.687794 41.397160 81.880837; 491.042458 159.943230 41.556434 82.550725; 509.205577 159.198666 41.715708 83.220612; 527.368695 158.454102 41.874982 83.890499; 554.796520 159.033067 42.034256 84.560386; 571.204737 160.513993 42.193529 85.230274; 584.715823 158.834611 38.394104 85.676865; 600.932791 158.508169 34.594679 86.123457; 611.737994 155.475845 30.795254 86.570048; ]
posv=[0.000000 0.000000 0.000000 0.000000; 0.000000 0.000000 0.000000 0.000000; 0.000000 0.000000 0.000000 0.000000; 0.000000 0.000000 0.000000 0.000000; 0.000000 0.000000 0.000000 0.000000; 0.000000 0.000000 0.000000 0.000000; 0.000000 0.000000 0.000000 0.000000; 0.000000 0.000000 0.000000 0.000000; 0.000000 0.000000 0.000000 0.000000; 0.000000 0.000000 0.000000 0.000000; 0.000000 0.000000 0.000000 0.000000; 0.000000 0.000000 0.000000 0.000000; 0.000000 0.000000 0.000000 0.000000; 0.000000 0.000000 0.000000 0.000000; 0.000000 0.000000 0.000000 0.000000; 0.000000 0.000000 0.000000 0.000000; 0.000000 0.000000 0.000000 0.000000; 0.000000 0.000000 0.000000 0.000000; 0.000000 0.000000 0.000000 0.000000; 0.000000 0.000000 0.000000 0.000000; 0.000000 0.000000 0.000000 0.000000; 0.000000 0.000000 0.000000 0.000000; 0.000000 0.000000 0.000000 0.000000; 0.000000 0.000000 0.000000 0.000000; 0.000000 0.000000 0.000000 0.000000; 0.000000 0.000000 0.000000 0.000000; 0.000000 0.000000 0.000000 0.000000; 0.000000 0.000000 0.000000 0.000000; 0.000000 0.000000 0.000000 0.000000; 0.000000 0.000000 0.000000 0.000000; ]
occl=[0 0 0 0 0 0 0 0 0 0 0 0 0 0 0 0 0 0 0 0 0 0 0 0 0 0 0 0 0 0 ]
lock=[0 0 1 0 1 0 0 0 0 0 0 0 0 1 0 0 0 1 0 0 0 1 0 0 0 0 0 0 0 0 ]

-----------------------------------
lbl='person' str=217 end=250 hide=0
pos =[9.775362 181.756039 23.188406 68.792271; 31.162804 180.475309 23.436782 69.095991; 52.462643 179.189570 23.725693 69.472056; 73.674881 177.898820 24.055139 69.920467; 94.799517 176.603060 24.425121 70.441224; 115.836551 175.302289 24.835638 71.034326; 136.785984 173.996508 25.286690 71.699773; 157.647815 172.685716 25.778277 72.437565; 178.422044 171.369914 26.310399 73.247703; 199.716515 170.049102 26.883057 74.130187; 220.720770 168.723279 27.496250 75.085015; 241.434808 167.392446 28.149978 76.112189; 261.858630 166.056602 28.844242 77.211709; 282.551694 164.710737 29.619576 78.455919; 303.244757 163.364873 30.394910 79.700129; 323.937821 162.019009 31.170244 80.944339; 340.786540 161.037702 31.439688 81.750893; 359.831853 160.126969 31.626870 82.503676; 378.524741 159.286809 31.731791 83.202689; 395.094101 158.904817 31.375531 83.547714; 411.663461 158.522824 31.019270 83.892740; 430.879880 158.140832 30.663010 84.237765; 448.772770 157.758839 30.306749 84.582791; 465.902791 157.231472 30.032240 85.230784; 482.643456 156.704105 29.757732 85.878777; 498.994765 156.176738 29.483223 86.526770; 514.956719 155.649371 29.208715 87.174763; 532.632258 156.523964 28.934206 87.822756; 549.217461 156.931238 28.659698 88.470748; 564.712328 156.871191 28.385189 89.118741; 580.548231 157.775196 28.110681 89.766734; 594.339550 154.414496 27.836172 90.414727; 606.086284 155.318501 27.561664 91.062720; 615.788434 151.957801 27.287155 91.710713; ]
posv=[0.000000 0.000000 0.000000 0.000000; 0.000000 0.000000 0.000000 0.000000; 0.000000 0.000000 0.000000 0.000000; 0.000000 0.000000 0.000000 0.000000; 0.000000 0.000000 0.000000 0.000000; 0.000000 0.000000 0.000000 0.000000; 0.000000 0.000000 0.000000 0.000000; 0.000000 0.000000 0.000000 0.000000; 0.000000 0.000000 0.000000 0.000000; 0.000000 0.000000 0.000000 0.000000; 0.000000 0.000000 0.000000 0.000000; 0.000000 0.000000 0.000000 0.000000; 0.000000 0.000000 0.000000 0.000000; 0.000000 0.000000 0.000000 0.000000; 0.000000 0.000000 0.000000 0.000000; 0.000000 0.000000 0.000000 0.000000; 0.000000 0.000000 0.000000 0.000000; 0.000000 0.000000 0.000000 0.000000; 0.000000 0.000000 0.000000 0.000000; 0.000000 0.000000 0.000000 0.000000; 0.000000 0.000000 0.000000 0.000000; 0.000000 0.000000 0.000000 0.000000; 0.000000 0.000000 0.000000 0.000000; 0.000000 0.000000 0.000000 0.000000; 0.000000 0.000000 0.000000 0.000000; 0.000000 0.000000 0.000000 0.000000; 0.000000 0.000000 0.000000 0.000000; 0.000000 0.000000 0.000000 0.000000; 0.000000 0.000000 0.000000 0.000000; 0.000000 0.000000 0.000000 0.000000; 0.000000 0.000000 0.000000 0.000000; 0.000000 0.000000 0.000000 0.000000; 0.000000 0.000000 0.000000 0.000000; 0.000000 0.000000 0.000000 0.000000; ]
occl=[0 0 0 0 0 0 0 0 0 0 0 0 0 0 0 0 0 0 0 0 0 0 0 0 0 0 0 0 0 0 0 0 0 0 ]
lock=[1 0 0 0 1 0 0 0 1 0 0 0 1 0 0 1 0 0 1 0 0 0 1 0 0 0 1 0 0 0 0 0 1 1 ]

-----------------------------------
lbl='person' str=1797 end=1842 hide=0
pos =[352.190821 153.929952 17.004831 37.101449; 352.827624 154.000220 17.145367 37.757283; 353.487575 154.070487 17.285903 38.413117; 354.170674 154.140755 17.426438 39.068950; 354.876921 154.211023 17.566974 39.724784; 355.606317 154.281291 17.707510 40.380618; 356.358860 154.351559 17.848046 41.036451; 357.134552 154.421827 17.988581 41.692285; 357.933392 154.492095 18.129117 42.348119; 358.755380 154.562363 18.269653 43.003953; 359.600516 154.632631 18.410189 43.659786; 360.468800 154.702899 18.550725 44.315620; 361.360233 154.773166 18.691260 44.971454; 362.274813 154.843434 18.831796 45.627287; 363.212542 154.913702 18.972332 46.283121; 364.173419 154.983970 19.112868 46.938955; 365.157444 155.054238 19.253404 47.594788; 366.164617 155.124506 19.393939 48.250622; 367.194939 155.194774 19.534475 48.906456; 368.248408 155.265042 19.675011 49.562290; 369.325026 155.335310 17.750525 50.218123; 370.308187 155.405578 18.181676 51.099557; 371.392233 155.475845 18.537885 51.830590; 372.577163 155.546113 18.819153 52.411224; 373.862978 155.616381 19.025479 52.841458; 375.249676 155.686649 19.156863 53.121292; 376.737259 155.756917 19.213306 53.250727; 378.325725 155.827185 19.194807 53.229762; 380.015076 155.897453 19.101366 53.058397; 381.805311 155.967721 18.932984 52.736632; 383.696431 156.037989 18.689660 52.264468; 385.335339 156.108256 18.633691 54.800298; 386.974248 156.178524 18.577721 58.088128; 385.427536 156.248792 21.642512 58.743961; 386.656294 156.863171 21.642512 58.743961; 387.885053 157.477550 21.642512 58.743961; 389.113811 158.091930 21.642512 58.743961; 390.342569 158.706309 21.642512 58.743961; 391.571327 159.320688 21.642512 58.743961; 392.800085 159.935067 21.642512 58.743961; 394.336033 160.549446 21.642512 58.743961; 395.871981 161.163825 21.642512 58.743961; 397.407928 161.778204 21.642512 58.743961; 398.943876 162.392583 21.642512 58.743961; 400.479824 163.006962 21.642512 58.743961; 402.015772 163.621341 21.642512 58.743961; ]
posv=[360.831247 153.929952 0.584158 37.101449; 361.329896 154.000220 1.000000 37.757283; 361.828546 154.070487 0.603960 38.413117; 354.170674 154.140755 14.638962 39.068950; 355.393232 154.211023 14.695781 38.959375; 356.559505 154.281291 14.796112 38.967554; 357.669494 154.351559 14.939953 39.093489; 358.723199 154.421827 15.127306 39.337179; 359.720620 154.492095 15.358169 39.698625; 360.661756 154.562363 15.632544 40.177826; 361.546609 154.632631 15.950430 40.774782; 362.375177 154.702899 16.311827 41.489493; 366.215062 154.773166 8.497497 42.380837; 370.054948 154.843434 0.683168 43.272182; 371.220717 154.913702 1.000000 44.516792; 372.386485 154.983970 1.000000 45.761402; 373.552254 155.054238 1.000000 47.006012; 374.718023 155.124506 0.762376 48.250622; 367.194939 155.194774 17.103871 48.906456; 368.248408 155.265042 17.427963 49.562290; 0.000000 0.000000 0.000000 0.000000; 0.000000 0.000000 0.000000 0.000000; 0.000000 0.000000 0.000000 0.000000; 0.000000 0.000000 0.000000 0.000000; 0.000000 0.000000 0.000000 0.000000; 0.000000 0.000000 0.000000 0.000000; 0.000000 0.000000 0.000000 0.000000; 0.000000 0.000000 0.000000 0.000000; 0.000000 0.000000 0.000000 0.000000; 0.000000 0.000000 0.000000 0.000000; 0.000000 0.000000 0.000000 0.000000; 0.000000 0.000000 0.000000 0.000000; 0.000000 0.000000 0.000000 0.000000; 0.000000 0.000000 0.000000 0.000000; 0.000000 0.000000 0.000000 0.000000; 0.000000 0.000000 0.000000 0.000000; 0.000000 0.000000 0.000000 0.000000; 0.000000 0.000000 0.000000 0.000000; 0.000000 0.000000 0.000000 0.000000; 0.000000 0.000000 0.000000 0.000000; 0.000000 0.000000 0.000000 0.000000; 0.000000 0.000000 0.000000 0.000000; 0.000000 0.000000 0.000000 0.000000; 0.000000 0.000000 0.000000 0.000000; 0.000000 0.000000 0.000000 0.000000; 0.000000 0.000000 0.000000 0.000000; ]
occl=[1 1 1 1 1 1 1 1 1 1 1 1 1 1 1 1 1 1 1 1 0 0 0 0 0 0 0 0 0 0 0 0 0 0 0 0 0 0 0 0 0 0 0 0 0 0 ]
lock=[1 0 1 1 0 1 0 1 0 1 0 1 0 1 0 1 0 1 1 0 1 0 0 0 1 0 0 0 0 0 1 0 1 0 0 0 0 0 0 1 0 0 1 1 0 1 ]
