% vbb version=1.400000
nFrame=1841 n=6
log=[733376.665330 733376.665387 733376.665408 733376.665445 733376.665479 733376.665512 733376.665908 733376.665958 733376.665986 733376.666008 733376.666050 733376.666070 733376.666117 733376.666176 733376.666222 733376.666276 733376.666309 733376.666351 733376.666368 733376.666380 733376.666409 733376.666428 733376.667299 733376.667327 733376.667361 733376.667386 733376.667401 733376.667433 733376.667473 733376.667511 733376.667539 733376.667573 733376.667610 733376.667628 733376.667645 733376.667658 733376.667695 733376.667720 733376.667736 733376.667769 733376.667804 733376.667822 733376.667884 733376.667910 733376.668153 733376.668182 733376.668212 733376.668228 733376.668245 733376.668261 733376.668293 733376.668314 733376.668345 733376.668360 733376.668377 733376.668424 733376.668445 733376.668471 733376.669736 733376.669756 733376.669779 733376.670298 733376.670353 733376.670373 733376.670399 733376.670437 733376.670470 733376.670493 733376.670537 733376.670571 733376.670601 733376.670635 733376.670660 733376.670701 733376.670722 733376.670824 733376.670854 733376.670874 733376.670910 733376.670927 733376.670946 733376.670986 733376.671015 733376.671040 733514.601534 733529.435520 733529.435569 733529.435646 733529.435718 733529.435764 733529.435826 733529.435848 733529.435893 733529.435905 733529.435930 733529.435943 733529.435975 733529.435988 733529.436079 733529.436196 733529.436215 733529.436242 733529.436270 733529.436361 733529.436400 733529.436424 733529.439967 733529.439997 733529.440033 733529.440626 733529.440678 733529.440744 733529.440770 733529.440792 733529.440901 733529.441026 733529.441222 733529.441246 733529.441460 733529.441544 733529.441616 733529.441656 733529.441721 733529.441784 733529.441876 733529.441987 733529.442016 733529.442049 733529.442077 733529.442158 733529.442222 733529.442244 733529.442279 733529.442343 733549.687993 733549.688039 733549.688233 733549.688259 733549.688299 733549.688314 733549.688531 733549.688627 733549.688669 733549.688683 733549.688747 733617.914112 733617.914175 733617.914195 733617.914209 733617.914227 733617.914244 733617.914283 733617.914304 733617.914327 733617.914346 733617.914372 733617.914385 733617.914423 733617.914435 733617.914473 733617.914488 733617.914523 733617.914552 733617.914582 733617.914628 733617.914657 733617.914671 733617.914699 733617.914718 733617.914759 733617.914792 733617.914835 733617.914912 733617.914927 733617.914955 733617.914988 733617.915003 733617.915024 733617.915045 733617.915089 733617.915189 733617.915222 733617.915253 733617.915268 733617.915324 733617.915352 733617.915367 733617.915388 733617.915406 733617.915446 733617.915481 733617.915501 733617.915542 733617.915578 733617.915594 733617.915615 733617.915649 733617.915705 733617.915729 733617.915757 733617.915788 733617.915811 733617.915846 733617.915870 733617.915884 733617.916001 733617.916023 733617.916040 733617.916075 733617.916095 733617.916107 733617.916157 733617.916195 733617.916213 733617.916229 733617.916268 733617.916290 733617.916316 733617.916331 733617.916344 733617.916367 733617.916397 733617.916449 733617.916469 733617.916529 733617.916549 733617.916567 733617.916602 733617.916636 733617.916681 733617.916704 733617.916718 733617.916794 733617.916813 733617.916867 733617.916884 733617.916897 733617.916910 733617.917426 733617.917468 733617.917483 733617.917500 733617.917529 733617.917560 733617.917592 733617.917612 733617.917677 733617.917814 733617.917867 733617.917892 733617.917914 733617.917934 733617.917960 733617.917983 733617.917995 733617.918022 733617.918085 733617.918105 733617.918128 733617.918143 733617.918193 733617.918238 733617.918276 733617.918291 733617.918382 733617.918528 733617.918547 733617.918564 733617.918579 733617.918603 733617.918625 733617.918656 733617.918672 733617.918692 733617.918706 733617.918719 733617.918757 733617.918843 733617.918866 733617.918884 733617.918904 733617.918938 733617.918958 733617.919062 733617.919076 733617.919100 733617.919123 733617.919163 733617.919193 733617.919228 733617.919311 733617.919330 733617.919412 733617.919431 733617.919493 733617.919531 733617.919639 733617.919677 ]

-----------------------------------
lbl='person' str=1336 end=1351 hide=0
pos =[421.035664 166.904945 6.986502 19.323671; 421.035664 166.904945 6.986502 19.323671; 421.035664 166.823899 6.986502 19.404717; 421.339585 166.783376 7.138093 19.384456; 421.643507 166.742853 7.289685 19.364194; 421.947428 166.702330 7.441276 19.343933; 422.251350 166.661807 7.592867 19.323671; 422.555271 166.601023 7.744459 19.343933; 422.859193 166.540239 7.896050 19.364194; 423.163115 166.479454 8.047641 19.384456; 423.467036 166.418670 8.199233 19.404717; 423.770958 166.357886 8.350824 19.424979; 424.074879 166.297101 8.502415 19.445240; 424.074879 166.297101 8.502415 19.404717; 424.074879 166.297101 8.502415 19.364194; 424.074879 166.297101 8.502415 19.323671; ]
posv=[0.000000 0.000000 0.000000 0.000000; 0.000000 0.000000 0.000000 0.000000; 423.424267 166.823899 1.000000 19.323671; 423.860356 166.783376 1.000000 19.323671; 424.296444 166.742853 1.000000 19.323671; 424.732532 166.702330 1.000000 19.323671; 425.168620 166.661807 1.000000 19.323671; 425.604708 166.621284 1.000000 19.323671; 426.040796 166.580762 1.000000 19.323671; 426.476885 166.540239 1.000000 19.323671; 426.912973 166.499716 1.000000 19.323671; 427.349061 166.459193 1.000000 19.323671; 427.785149 166.418670 1.000000 19.323671; 428.221237 166.378147 1.000000 19.323671; 428.657326 166.337624 1.000000 19.323671; 429.093414 166.297101 0.360752 19.323671; ]
occl=[0 0 1 1 1 1 1 1 1 1 1 1 1 1 1 1 ]
lock=[1 0 0 0 0 0 0 0 0 0 0 0 0 0 0 1 ]

-----------------------------------
lbl='person' str=1482 end=1491 hide=0
pos =[581.756039 156.248792 13.140097 44.057971; 584.272379 156.477550 13.140097 44.057971; 586.788718 156.706309 13.140097 44.057971; 589.305058 156.935067 13.140097 44.057971; 591.363882 156.935067 13.140097 44.057971; 593.422705 156.935067 13.140097 44.057971; 597.197215 156.591930 13.140097 44.057971; 600.971725 156.248792 13.140097 44.057971; 604.746235 155.905655 13.140097 44.057971; 608.520745 155.562518 13.140097 44.057971; ]
posv=[581.756039 156.248792 13.140097 44.057971; 0.000000 0.000000 0.000000 0.000000; 0.000000 0.000000 0.000000 0.000000; 0.000000 0.000000 0.000000 0.000000; 0.000000 0.000000 0.000000 0.000000; 0.000000 0.000000 0.000000 0.000000; 597.197215 156.591930 13.140097 44.057971; 600.971725 156.248792 13.140097 44.057971; 604.746235 155.905655 13.140097 44.057971; 608.520745 155.562518 13.140097 44.057971; ]
occl=[1 0 0 0 0 0 1 1 1 1 ]
lock=[1 0 0 0 0 0 0 0 0 1 ]

-----------------------------------
lbl='person' str=1483 end=1492 hide=0
pos =[593.350242 155.475845 10.821256 47.922705; 594.860045 155.475845 10.821256 47.922705; 596.369849 155.475845 10.821256 47.922705; 597.879653 155.475845 10.821256 47.922705; 599.389457 155.475845 10.821256 47.922705; 603.163967 156.230747 10.821256 47.922705; 606.938477 156.985649 10.821256 47.922705; 610.461353 156.734015 10.821256 47.922705; 613.984228 156.482381 10.821256 47.922705; 617.507104 156.230747 10.821256 47.922705; ]
posv=[593.350242 155.475845 10.821256 47.922705; 594.860045 155.475845 10.821256 47.922705; 596.369849 155.475845 10.821256 47.922705; 597.879653 155.475845 10.821256 47.922705; 599.389457 155.475845 10.821256 47.922705; 603.163967 156.230747 10.821256 47.922705; 606.938477 156.985649 10.821256 47.922705; 610.461353 156.734015 10.821256 47.922705; 613.984228 156.482381 10.821256 47.922705; 617.507104 156.230747 10.821256 47.922705; ]
occl=[1 1 1 1 1 1 1 1 1 1 ]
lock=[0 0 0 0 0 0 1 0 0 1 ]

-----------------------------------
lbl='person' str=660 end=784 hide=0
pos =[444.171498 170.422143 10.821256 22.155151; 444.171498 170.125978 11.179422 22.451316; 444.171498 169.829813 11.550057 22.747481; 444.619901 169.533649 11.484755 22.799323; 445.077815 169.237484 11.422412 22.863115; 445.545238 168.941319 11.363027 22.938856; 446.022171 168.645154 11.306600 23.026548; 446.508614 168.348989 11.253131 23.126191; 447.004567 168.052824 11.202620 23.237783; 447.510029 167.756659 11.155067 23.361325; 448.025001 167.460494 11.110472 23.496818; 448.549484 167.164329 11.068836 23.644260; 449.083475 166.868164 11.030157 23.803653; 449.626977 166.571999 10.994437 23.974996; 450.179989 166.275834 10.961674 24.158289; 450.742510 165.979669 10.931870 24.353532; 451.314541 165.683504 10.905024 24.560726; 451.896082 165.387339 10.881136 24.779869; 452.487133 165.091175 10.860206 25.010962; 453.087693 164.795010 10.842235 25.254006; 453.697764 164.498845 10.827221 25.509000; 454.317344 164.202680 10.815166 25.775944; 454.946434 164.231712 10.892752 25.729641; 455.585033 164.266276 10.960828 25.689756; 456.233143 164.306371 11.019395 25.656291; 456.890762 164.351997 11.068451 25.629244; 457.557891 164.403155 11.107998 25.608616; 458.234530 164.459843 11.138035 25.594407; 458.920679 164.522064 11.158562 25.586617; 459.616338 164.589815 11.169580 25.585245; 460.321506 164.663098 11.171088 25.590293; 461.036184 164.741912 11.163085 25.601759; 461.760372 164.826257 11.145574 25.619644; 462.494070 164.987842 10.988975 25.572239; 463.237278 165.140617 10.848783 25.545595; 463.989995 165.284582 10.724995 25.539711; 464.752222 165.419736 10.617614 25.554588; 465.523959 165.546079 10.526637 25.590226; 466.284442 165.647008 10.472831 25.663228; 466.988089 165.685125 10.501775 25.810992; 467.715809 165.733242 10.611613 25.960706; 468.467602 165.791360 10.722694 26.112370; 469.243468 165.859477 10.822460 26.265985; 470.013343 166.070525 10.712451 26.609308; 470.541199 166.183791 11.000351 27.028880; 471.108860 166.239650 11.320773 27.484322; 471.716326 166.286700 11.627305 27.927038; 472.363597 166.324938 11.919948 28.357030; 473.050673 166.354367 12.198701 28.774297; 473.777553 166.374985 12.463565 29.178838; 474.544239 166.386792 12.714539 29.570655; 475.350729 166.389789 12.951623 29.949747; 476.197024 166.383976 13.174818 30.316114; 477.083125 166.369352 13.384123 30.669756; 478.009030 166.345917 13.579539 31.010673; 478.974740 166.313672 13.761065 31.338865; 479.980255 166.272617 13.928701 31.654332; 481.025575 166.222751 14.082448 31.957074; 482.110699 166.164075 14.222305 32.247091; 483.235629 166.156520 14.207447 32.464451; 484.400363 166.148965 14.158442 32.660276; 485.604903 166.141410 14.075290 32.834565; 486.849247 166.133856 13.957991 32.987319; 488.312518 166.126301 13.656939 33.021628; 489.775789 166.118746 13.772581 33.055937; 491.239060 166.111191 13.888223 33.090246; 492.702332 166.103637 14.003864 33.124555; 494.165603 166.096082 14.119506 33.158864; 495.628874 165.896048 14.235148 33.385652; 497.092145 165.706366 14.350789 33.602088; 498.555416 165.527035 14.466431 33.808174; 500.018687 165.358055 14.582073 34.003909; 501.481959 165.199425 14.697714 34.189292; 501.442276 165.051147 14.796709 35.038348; 502.947150 164.913220 14.910444 35.384382; 504.481730 164.785644 14.994473 35.717014; 506.046016 164.668419 15.048797 36.036246; 507.640008 164.561545 15.073414 36.342077; 509.263706 164.465022 15.068326 36.634506; 510.917109 164.378850 15.033532 36.913535; 512.600219 164.303029 15.089548 37.179163; 514.313034 164.237559 15.272618 37.431391; 516.055556 164.182440 15.458937 37.670217; 517.334009 164.137672 15.458937 37.527313; 518.643346 164.103256 15.458937 37.429646; 519.983564 164.079190 15.678733 37.377216; 521.354665 164.065475 15.926242 37.370024; 522.756648 164.062111 16.142868 37.408068; 524.189514 164.069099 16.328612 37.491350; 525.653262 164.086437 16.483473 37.619869; 527.147892 164.114126 16.607452 37.793626; 528.673405 164.701130 16.417241 37.463656; 530.229800 165.288134 16.254786 37.189275; 531.817078 165.875137 16.120087 36.970482; 533.435237 166.167968 16.013144 37.101449; 535.084279 166.389706 15.933957 37.359098; 536.764204 166.667032 15.458937 37.616747; 538.475011 166.999947 15.458937 37.874396; 540.216700 167.388449 15.458937 38.132045; 541.989271 167.832540 15.458937 38.389694; 543.792725 168.332219 15.458937 38.647343; 545.627061 168.887487 15.458937 38.904992; 547.492280 169.498342 15.458937 39.162641; 549.679930 169.904146 15.652174 39.802469; 551.870523 170.376368 15.845411 40.425121; 554.064058 170.915009 16.038647 41.030596; 556.260536 171.520069 16.231884 41.618894; 558.459956 172.191547 16.425121 42.190016; 560.662318 172.929444 16.618357 42.743961; 562.867623 173.733760 16.811594 43.280730; 565.075871 174.604494 17.004831 43.800322; 567.287060 175.541647 17.198068 44.302738; 569.494334 176.545219 17.398163 44.787976; 571.718267 177.615209 17.584541 45.256039; 573.398990 178.293122 18.317072 46.165421; 575.283014 178.952553 18.849244 47.142527; 577.370338 179.593502 19.181059 48.187357; 579.660962 180.215969 19.312516 49.299911; 582.154887 180.819954 19.657012 49.488934; 584.852112 181.405458 19.798207 49.696439; 587.752637 181.972479 19.736102 49.922426; 590.539747 182.521019 19.787412 50.166895; 593.020687 183.051077 20.144893 50.429846; 597.674014 183.562653 16.994412 16.513125; 601.387741 184.055747 17.454680 16.792725; ]
posv=[444.171498 170.422143 10.821256 9.081420; 444.566880 170.125978 10.784040 9.072925; 444.974730 169.829813 10.746824 9.064430; 445.395048 169.533649 10.709608 9.055935; 445.827834 169.237484 10.672392 9.047440; 446.273088 168.941319 10.635176 9.038945; 446.730810 168.645154 10.597960 9.030450; 447.201000 168.348989 10.560745 9.021955; 447.683658 168.052824 10.523529 9.013459; 448.178783 167.756659 10.486313 9.004964; 448.686377 167.460494 10.449097 8.996469; 449.206438 167.164329 10.411881 8.987974; 449.738968 166.868164 10.374665 8.979479; 450.283965 166.571999 10.337449 8.970984; 450.841430 166.275834 10.300233 8.962489; 451.411363 165.979669 10.263017 8.953994; 451.993764 165.683504 10.225801 8.945499; 452.588633 165.387339 10.188585 8.937004; 453.195970 165.091175 10.151369 8.928509; 453.815775 164.795010 10.114153 8.920014; 454.448047 164.498845 10.076937 8.911518; 455.092788 164.202680 10.039721 8.903023; 455.772362 164.231712 10.066824 8.689194; 456.451935 164.266276 10.093926 8.499574; 457.131509 164.306371 10.121029 8.334165; 457.811082 164.351997 10.148131 8.192966; 458.490656 164.403155 10.175234 8.075978; 459.170230 164.459843 10.202336 7.983199; 459.849803 164.522064 10.229438 7.914631; 460.529377 164.589815 10.256541 7.870273; 461.208950 164.663098 10.283643 7.850125; 461.888524 164.741912 10.310746 7.854187; 462.568098 164.826257 10.337848 7.882460; 463.127306 164.987842 10.355740 7.912315; 463.710587 165.140617 10.375474 7.947691; 464.317941 165.284582 10.397050 7.988587; 464.949368 165.419736 10.420468 8.035004; 465.604869 165.546079 10.445728 8.086940; 466.284442 165.663612 10.472831 8.144396; 466.988089 165.772335 10.501775 8.207372; 467.715809 165.872247 10.532562 8.275868; 468.467602 165.963348 10.565191 8.349885; 469.243468 166.045640 10.599662 8.429421; 470.043407 166.119120 10.635975 8.514477; 470.867420 166.183791 10.674130 8.605054; 471.715505 166.239650 10.714128 8.701150; 472.587664 166.286700 10.755967 8.802767; 473.483896 166.324938 10.799649 8.909903; 474.404201 166.354367 10.845173 9.022560; 475.348579 166.374985 10.892539 9.140737; 476.317031 166.386792 10.941747 9.264433; 477.309555 166.389789 10.992797 9.393650; 478.326153 166.383976 11.045690 9.528387; 479.366824 166.369352 11.100424 9.668644; 480.431568 166.345917 11.157001 9.814421; 481.520385 166.313672 11.215420 9.965718; 482.633275 166.272617 11.275681 10.122535; 483.770239 166.222751 11.337784 10.284872; 484.931275 166.164075 11.401729 10.452729; 485.988586 166.156520 11.454490 10.624213; 487.051555 166.148965 11.507251 10.815300; 488.120181 166.141410 11.560012 11.025987; 489.194465 166.133856 11.612772 11.256277; 490.274407 166.126301 11.665533 11.506168; 491.360007 166.118746 11.718294 11.775661; 492.451264 166.111191 11.771055 12.064756; 493.548179 166.103637 11.823816 12.373452; 494.650751 166.096082 11.876577 12.701750; 496.113606 165.896048 12.032332 12.846262; 497.576461 165.706366 12.188086 12.990774; 499.039315 165.527035 12.343841 13.135286; 500.502170 165.358055 12.499596 13.279798; 501.965024 165.199425 12.655351 13.424310; 503.427879 165.051147 12.811106 13.568822; 504.890734 164.913220 12.966860 13.713334; 506.353588 164.785644 13.122615 13.857846; 507.816443 164.668419 13.278370 14.002358; 509.279297 164.561545 13.434125 14.146870; 510.742152 164.465022 13.589880 14.291382; 512.205007 164.378850 13.745634 14.435894; 513.667861 164.303029 13.901389 14.580406; 515.130716 164.237559 14.057144 14.724918; 516.593570 164.182440 14.212899 14.869430; 518.056425 164.137672 14.368654 15.013942; 519.519280 164.103256 14.524408 15.158454; 520.982134 164.079190 14.680163 15.302966; 522.444989 164.065475 14.835918 15.447478; 523.907843 164.062111 14.991673 15.591990; 525.370698 164.069099 15.147428 15.736502; 526.833553 164.086437 15.303182 15.881014; 528.296407 164.114126 15.458937 16.025526; 530.184314 164.701130 14.906332 15.449712; 532.072221 165.288134 14.412365 14.917120; 533.960128 165.875137 13.977036 14.427751; 535.848035 166.462141 13.600346 13.981605; 537.735942 167.049144 13.282295 13.578682; 541.486073 167.636148 6.740157 12.906504; 545.236204 168.223152 0.198020 12.234326; 547.292383 168.675208 1.000000 12.287342; 549.348563 169.127265 1.000000 12.340358; 551.404742 169.579322 1.000000 12.393374; 553.460921 170.031379 1.000000 12.446390; 555.517100 170.483436 1.000000 12.499407; 557.573280 170.935492 1.000000 12.552423; 559.629459 171.387549 1.000000 12.605439; 561.685638 171.839606 1.000000 12.658455; 563.741817 172.291663 0.198020 12.711471; 564.143888 172.954574 3.674334 12.855136; 564.545958 173.617485 7.150648 12.998802; 564.948028 174.280396 10.626962 13.142467; 565.350099 174.943307 14.103276 13.286132; 567.371611 175.783336 15.263698 13.429798; 569.494334 176.673970 16.424120 13.573463; 571.718267 177.615209 17.584541 13.717128; 573.398990 178.293122 17.100662 13.996728; 575.283014 178.952553 16.711197 14.276328; 577.370338 179.593502 16.416147 14.555927; 579.660962 180.215969 16.215512 14.835527; 582.154887 180.819954 16.109291 15.115127; 584.852112 181.405458 16.097486 15.394726; 587.752637 181.972479 16.180095 15.674326; 590.856462 182.521019 16.357119 15.953926; 594.163588 183.051077 16.628558 16.233526; 597.674014 183.562653 16.994412 16.513125; 601.387741 184.055747 17.454680 16.792725; ]
occl=[1 1 1 1 1 1 1 1 1 1 1 1 1 1 1 1 1 1 1 1 1 1 1 1 1 1 1 1 1 1 1 1 1 1 1 1 1 1 1 1 1 1 1 1 1 1 1 1 1 1 1 1 1 1 1 1 1 1 1 1 1 1 1 1 1 1 1 1 1 1 1 1 1 1 1 1 1 1 1 1 1 1 1 1 1 1 1 1 1 1 1 1 1 1 1 1 1 1 1 1 1 1 1 1 1 1 1 1 1 1 1 1 1 1 1 1 1 1 1 1 1 1 1 1 1 ]
lock=[1 0 0 0 0 0 0 0 0 0 0 0 1 0 0 0 0 0 0 0 0 1 0 0 0 0 0 0 0 0 0 0 1 0 0 0 0 0 0 0 0 0 0 1 0 0 0 0 0 0 0 0 0 0 0 0 0 0 1 0 0 0 0 0 0 0 0 1 0 0 0 0 0 0 0 0 0 0 1 0 0 0 0 0 0 0 0 0 0 0 1 0 0 0 0 1 0 1 0 0 0 0 0 0 0 0 1 0 0 0 1 0 0 1 0 0 0 0 1 0 0 0 0 0 1 ]

-----------------------------------
lbl='person-fa' str=766 end=826 hide=0
pos =[443.398551 177.891304 6.956522 19.323671; 443.675378 178.583780 7.033816 19.520374; 443.972206 179.242714 7.111111 19.710619; 444.289034 179.868106 7.188406 19.894406; 444.625862 180.459957 7.265700 20.071734; 444.982689 181.018265 7.342995 20.242604; 445.359517 181.543032 7.420290 20.407016; 445.756345 182.034257 7.497585 20.564970; 446.173172 182.491940 7.574879 20.716466; 446.610000 182.916081 7.652174 20.861504; 447.066828 183.306680 7.729469 21.000083; 447.543655 183.663737 7.806763 21.132205; 448.040483 183.987253 7.884058 21.257868; 448.557311 184.277227 7.961353 21.377073; 449.094138 184.533659 8.038647 21.489820; 449.650966 184.756549 8.115942 21.596108; 450.227794 184.945897 8.193237 21.695939; 450.824622 185.101703 8.270531 21.789311; 451.441449 185.223968 8.347826 21.876225; 452.078277 185.312691 8.425121 21.956681; 452.735105 185.367872 8.502415 22.030679; 457.733685 185.389511 0.336634 18.318219; 458.329013 185.377608 1.000000 18.639300; 458.931518 185.332163 1.000000 18.993924; 459.541199 185.253177 1.000000 19.382089; 460.158057 185.140648 1.000000 19.803796; 460.782092 184.994578 1.000000 20.259045; 461.413305 184.814966 1.000000 20.747836; 462.051694 184.601812 1.000000 21.270168; 462.697260 184.355117 1.000000 21.826043; 463.350002 184.074879 0.443536 22.415459; 464.158627 183.730414 1.000000 22.415459; 464.967251 183.385948 1.000000 22.415459; 465.775876 183.041483 1.000000 22.415459; 466.584501 182.697017 1.000000 22.415459; 467.393125 182.352552 1.000000 22.415459; 468.201750 182.008087 1.000000 22.415459; 469.010374 181.663621 1.000000 22.415459; 469.818999 181.319156 1.000000 22.415459; 470.627623 180.974690 1.000000 22.415459; 471.436248 180.630225 1.000000 22.415459; 472.244872 180.285759 1.000000 22.415459; 473.053497 179.941294 1.000000 22.415459; 473.862121 179.596828 1.000000 22.415459; 469.214976 177.891304 9.275362 23.776518; 470.065217 177.698068 9.275362 23.625289; 470.915459 177.504831 9.275362 23.474060; 471.765700 177.311594 9.275362 23.322831; 472.615942 177.118357 9.275362 23.171603; 473.466184 176.925121 9.275362 23.020374; 474.316425 176.731884 9.275362 22.869145; 475.166667 176.538647 9.275362 22.717916; 476.016908 176.345411 9.275362 22.566688; 476.867150 176.152174 9.275362 22.415459; 477.717391 175.958937 9.275362 22.415459; 478.567633 175.765700 9.275362 22.415459; 479.417874 175.572464 9.275362 22.415459; 480.268116 175.379227 9.275362 22.415459; 481.118357 175.185990 9.275362 22.415459; 481.968599 174.992754 9.275362 22.415459; 482.818841 174.799517 9.275362 22.415459; ]
posv=[446.889672 177.891304 0.306931 19.323671; 447.334285 178.583780 1.000000 18.940374; 447.786074 179.242714 1.000000 18.590619; 448.245040 179.868106 1.000000 18.274406; 448.711184 180.459957 1.000000 17.991734; 449.184504 181.018265 1.000000 17.742604; 449.665001 181.543032 1.000000 17.527016; 450.152675 182.034257 1.000000 17.344970; 450.647526 182.491940 1.000000 17.196466; 451.149553 182.916081 1.000000 17.081504; 451.658758 183.306680 1.000000 17.000083; 452.175140 183.663737 1.000000 16.952205; 452.698698 183.987253 1.000000 16.937868; 453.229434 184.277227 1.000000 16.957073; 453.767346 184.533659 1.000000 17.009820; 454.312435 184.756549 1.000000 17.096108; 454.864701 184.945897 1.000000 17.215939; 455.424144 185.101703 1.000000 17.369311; 455.990764 185.223968 1.000000 17.556225; 456.564561 185.312691 1.000000 17.776681; 457.145535 185.367872 1.000000 18.030679; 457.733685 185.389511 0.336634 18.318219; 458.329013 185.377608 1.000000 18.639300; 458.931518 185.332163 1.000000 18.993924; 459.541199 185.253177 1.000000 19.382089; 460.158057 185.140648 1.000000 19.803796; 460.782092 184.994578 1.000000 20.259045; 461.413305 184.814966 1.000000 20.747836; 462.051694 184.601812 1.000000 21.270168; 462.697260 184.355117 1.000000 21.826043; 463.350002 184.074879 0.443536 22.415459; 464.158627 183.730414 1.000000 22.415459; 464.967251 183.385948 1.000000 22.415459; 465.775876 183.041483 1.000000 22.415459; 466.584501 182.697017 1.000000 22.415459; 467.393125 182.352552 1.000000 22.415459; 468.201750 182.008087 1.000000 22.415459; 469.010374 181.663621 1.000000 22.415459; 469.818999 181.319156 1.000000 22.415459; 470.627623 180.974690 1.000000 22.415459; 471.436248 180.630225 1.000000 22.415459; 472.244872 180.285759 1.000000 22.415459; 473.053497 179.941294 1.000000 22.415459; 473.862121 179.596828 1.000000 22.415459; 474.670746 179.252363 1.000000 22.415459; 475.479370 178.907898 1.000000 22.415459; 476.287995 178.563432 1.000000 22.415459; 477.096619 178.218967 1.000000 22.415459; 477.905244 177.874501 1.000000 22.415459; 478.713868 177.530036 1.000000 22.415459; 479.522493 177.185570 1.000000 22.415459; 480.331118 176.841105 1.000000 22.415459; 481.139742 176.496639 1.000000 22.415459; 481.948367 176.152174 0.447553 22.415459; 482.959406 175.958937 1.000000 22.415459; 483.970445 175.765700 1.000000 22.415459; 484.981485 175.572464 1.000000 22.415459; 485.992524 175.379227 1.000000 22.415459; 487.003563 175.185990 0.356436 22.415459; 487.808246 174.992754 1.000000 22.415459; 488.612929 174.799517 0.447553 22.415459; ]
occl=[1 1 1 1 1 1 1 1 1 1 1 1 1 1 1 1 1 1 1 1 1 1 1 1 1 1 1 1 1 1 1 1 1 1 1 1 1 1 1 1 1 1 1 1 1 1 1 1 1 1 1 1 1 1 1 1 1 1 1 1 1 ]
lock=[1 0 0 0 0 0 0 0 0 0 0 0 0 0 0 0 0 0 0 0 0 1 0 0 0 0 0 0 0 0 1 0 0 0 0 0 0 0 0 0 0 0 0 0 0 0 0 0 0 0 0 0 0 1 0 0 0 0 1 0 1 ]

-----------------------------------
lbl='person' str=1400 end=1593 hide=0
pos =[234.995982 170.161836 0.247525 15.458937; 234.820637 169.949349 1.000000 15.548880; 234.645292 169.736862 1.000000 15.638823; 234.469947 169.524374 1.000000 15.728766; 234.294602 169.311887 1.000000 15.818709; 234.119257 169.099400 1.000000 15.908652; 233.943912 168.886913 1.000000 15.998595; 233.768567 168.674426 1.000000 16.088538; 233.593222 168.461939 1.000000 16.178480; 233.417877 168.249452 1.000000 16.268423; 233.242532 168.036965 1.000000 16.358366; 233.067187 167.824477 1.000000 16.448309; 232.891842 167.611990 1.000000 16.538252; 232.716497 167.399503 1.000000 16.628195; 232.541152 167.187016 1.000000 16.718138; 232.365807 166.974529 1.000000 16.808081; 232.190462 166.762042 1.000000 16.898024; 232.015117 166.549555 1.000000 16.987967; 231.839772 166.337068 1.000000 17.077910; 231.664427 166.124581 1.000000 17.167852; 231.489082 165.912093 1.000000 17.257795; 231.313737 165.699606 1.000000 17.347738; 231.138392 165.487119 1.000000 17.437681; 230.963047 165.274632 1.000000 17.527624; 230.787702 165.062145 1.000000 17.617567; 230.612357 164.849658 1.000000 17.707510; 230.437012 164.637171 1.000000 17.797453; 230.261667 164.424684 1.000000 17.887396; 230.086322 164.212197 1.000000 17.977339; 229.910977 163.999709 1.000000 18.067282; 229.735632 163.787222 1.000000 18.157224; 229.560287 163.574735 1.000000 18.247167; 229.384942 163.362248 1.000000 18.337110; 229.209597 163.149761 0.287129 18.427053; 228.056151 163.153227 1.854078 17.905142; 227.044227 163.156693 3.185867 17.540828; 226.173824 163.160159 4.282495 17.334110; 225.444943 163.163626 5.143963 17.284990; 224.857584 163.167092 5.770270 17.393466; 224.411747 163.170558 6.161417 17.659539; 224.107431 163.174024 6.317403 18.083209; 223.944637 163.177490 6.238229 18.664475; 223.286517 163.180956 6.560742 18.769239; 222.628397 163.184422 6.789616 18.890689; 221.970277 163.187888 6.924852 19.028824; 221.312157 163.191355 6.966449 19.183646; 220.654037 163.194821 6.914407 19.355153; 219.995917 163.198287 6.768726 19.543346; 219.337797 163.201753 6.977857 19.574611; 218.679677 163.205219 7.153142 19.599413; 218.021557 163.208685 7.294581 19.617753; 217.363437 163.212151 7.402175 19.629630; 216.705317 163.215618 7.475923 19.635044; 216.047197 163.219084 7.515826 19.633996; 215.389077 163.222550 7.521884 19.626485; 214.730957 163.226016 7.494096 19.612511; 214.072837 163.229482 7.432463 19.592074; 213.407509 162.949576 8.687923 20.653140; 212.734009 162.634865 8.718841 20.745894; 212.052336 162.285349 8.749758 20.838647; 211.362491 161.901028 8.780676 20.931401; 210.664472 161.481902 8.811594 21.024155; 209.958282 161.555030 8.842512 21.116908; 209.243919 161.643549 8.873430 21.209662; 208.521383 161.747459 8.904348 21.302415; 207.790675 161.866760 8.935266 21.395169; 207.051794 162.001452 8.966184 21.487923; 206.304741 162.151535 8.997101 21.580676; 205.549515 162.317009 9.028019 21.673430; 204.786116 162.497875 9.058937 21.766184; 204.014545 162.694131 9.089855 21.858937; 203.234802 162.905778 9.120773 21.951691; 202.602595 162.870019 9.151691 22.044444; 201.970389 162.834259 9.182609 22.137198; 201.338183 162.798500 9.213527 22.229952; 200.705976 162.762740 9.244444 22.322705; 200.073770 162.726980 9.275362 22.415459; 199.441563 162.691221 9.306280 22.508213; 198.809357 162.655461 9.337198 22.600966; 198.177151 162.619702 9.368116 22.693720; 197.530227 162.578202 9.399034 22.786473; 196.880032 162.535427 9.429952 22.879227; 196.102611 162.628376 9.460870 22.971981; 195.319857 162.723069 9.491787 23.064734; 194.531771 162.819506 9.522705 23.157488; 193.738352 162.917687 9.553623 23.250242; 192.939600 163.017612 9.584541 23.342995; 192.135516 163.119281 9.615459 23.435749; 191.326098 163.222694 9.646377 23.528502; 190.511348 163.327851 9.677295 23.621256; 189.691266 163.434752 9.708213 23.714010; 188.865851 163.543397 9.739130 23.806763; 188.035103 163.653786 9.770048 23.899517; 187.199022 163.765919 9.800966 23.992271; 186.357609 163.879796 9.831884 24.085024; 185.510863 163.995417 9.862802 24.177778; 184.658784 164.112782 9.893720 24.270531; 183.801373 164.231891 9.924638 24.363285; 182.938629 164.352744 9.955556 24.456039; 182.070552 164.475341 9.986473 24.548792; 181.197143 164.599683 10.017391 24.641546; 180.318401 164.725768 10.048309 24.734300; 179.434326 164.853597 10.079227 24.827053; 178.544919 164.983170 10.110145 24.919807; 177.650178 165.114487 10.141063 25.012560; 176.750106 165.247548 10.171981 25.105314; 175.844700 165.382353 10.202899 25.198068; 174.933962 165.518902 10.233816 25.290821; 174.017891 165.657195 10.264734 25.383575; 173.096488 165.797232 10.295652 25.476329; 172.169751 165.939013 10.326570 25.569082; 171.237683 166.082538 10.357488 25.661836; 170.300281 166.227807 10.388406 25.754589; 169.357547 166.374820 10.419324 25.847343; 170.354411 166.525322 7.084830 25.940097; 171.351275 166.675823 3.750336 26.032850; 172.348139 166.826324 0.415842 26.125604; 171.638301 166.987289 1.000000 26.218357; 170.817353 167.148254 1.000000 26.311111; 169.885292 167.309219 0.539604 26.403865; 168.842121 167.470184 1.000000 26.496618; 167.687839 167.631149 1.000000 26.589372; 160.632967 167.776418 10.697585 26.697822; 159.636906 167.940871 10.728502 26.787087; 158.635513 168.107069 10.759420 26.874609; 157.628786 168.275010 10.790338 26.960386; 156.616727 168.444695 10.821256 27.069708; 155.599335 168.616124 10.852174 27.177286; 154.576611 168.789297 10.883092 27.283119; 153.548553 168.964214 10.914010 27.387209; 152.515163 169.140875 10.944928 27.489555; 151.476441 169.319280 10.975845 27.590156; 150.432386 169.499429 11.006763 27.689014; 149.382998 169.681323 11.037681 27.786128; 148.328277 169.864960 11.068599 27.881497; 147.268224 170.050341 11.099517 27.975123; 146.202838 170.237466 11.130435 28.067004; 145.132119 170.426335 11.161353 28.157142; 144.056068 170.616948 11.192271 28.245536; 142.974684 170.809305 11.223188 28.332185; 141.887967 171.003407 11.254106 28.417091; 140.795917 171.199252 11.285024 28.500253; 139.698535 171.396841 11.315942 28.581670; 138.595821 171.596174 11.346860 28.661344; 137.487773 171.797251 11.377778 28.739273; 136.374393 172.000072 11.408696 28.815459; 135.255680 172.202511 11.439614 28.910339; 134.131635 172.410947 11.470531 29.000966; 133.002256 172.619000 11.501449 29.093720; 131.895994 172.968220 11.557213 29.549766; 130.739019 173.312237 11.615190 29.996656; 130.768662 173.566334 10.241777 29.669443; 129.321957 173.854745 10.396896 29.875049; 127.837848 174.143156 10.552015 30.080655; 126.316335 174.431567 10.707134 30.286261; 124.757418 174.719978 10.862253 30.491868; 123.161098 175.008389 11.017372 30.697474; 121.527374 175.296800 11.172491 30.903080; 119.856246 175.585211 11.327610 31.108686; 118.147715 175.873622 11.482729 31.314293; 116.401780 176.162033 11.637849 31.519899; 114.618441 176.450444 11.792968 31.725505; 112.797698 176.738855 11.948087 31.931111; 110.939551 177.027266 12.103206 32.136717; 109.044001 177.315677 12.258325 32.342324; 107.111047 177.604088 12.413444 32.547930; 105.140689 177.892499 12.568563 32.753536; 103.132928 178.180910 12.723682 32.959142; 101.087763 178.469321 12.878801 33.164749; 99.005194 178.757732 13.033920 33.370355; 96.885221 179.046143 13.189039 33.575961; 94.727845 179.334554 13.344159 33.781567; 92.115620 179.722803 11.978296 33.974828; 89.929698 179.819505 12.092803 34.173933; 87.691520 179.916206 12.207309 34.373038; 85.401088 180.012908 12.321816 34.572142; 83.058400 180.109610 12.436322 34.771247; 80.663457 180.206312 12.550829 34.970351; 78.216258 180.303014 12.665335 35.169456; 75.716805 180.399716 12.779842 35.368560; 73.165096 180.496417 12.894349 35.567665; 70.561132 180.593119 13.008855 35.766769; 67.904912 180.689821 13.123362 35.965874; 65.196438 180.786523 13.237868 36.164979; 62.435708 180.883225 13.352375 36.364083; 59.622723 180.979927 13.466881 36.563188; 56.757483 181.076628 13.581388 36.762292; 53.839988 181.173330 13.695895 36.961397; 50.870237 181.270032 13.810401 37.160501; 47.848231 181.366734 13.924908 37.359606; 44.773970 181.463436 14.039414 37.558711; 41.647454 181.560138 14.153921 37.757815; 38.468682 181.656839 14.268427 37.956920; 35.237655 181.753541 14.382934 38.156024; ]
posv=[0.000000 0.000000 0.000000 0.000000; 0.000000 0.000000 0.000000 0.000000; 0.000000 0.000000 0.000000 0.000000; 0.000000 0.000000 0.000000 0.000000; 0.000000 0.000000 0.000000 0.000000; 0.000000 0.000000 0.000000 0.000000; 0.000000 0.000000 0.000000 0.000000; 0.000000 0.000000 0.000000 0.000000; 0.000000 0.000000 0.000000 0.000000; 0.000000 0.000000 0.000000 0.000000; 0.000000 0.000000 0.000000 0.000000; 0.000000 0.000000 0.000000 0.000000; 0.000000 0.000000 0.000000 0.000000; 0.000000 0.000000 0.000000 0.000000; 0.000000 0.000000 0.000000 0.000000; 0.000000 0.000000 0.000000 0.000000; 0.000000 0.000000 0.000000 0.000000; 0.000000 0.000000 0.000000 0.000000; 0.000000 0.000000 0.000000 0.000000; 0.000000 0.000000 0.000000 0.000000; 0.000000 0.000000 0.000000 0.000000; 0.000000 0.000000 0.000000 0.000000; 0.000000 0.000000 0.000000 0.000000; 0.000000 0.000000 0.000000 0.000000; 0.000000 0.000000 0.000000 0.000000; 0.000000 0.000000 0.000000 0.000000; 0.000000 0.000000 0.000000 0.000000; 0.000000 0.000000 0.000000 0.000000; 0.000000 0.000000 0.000000 0.000000; 0.000000 0.000000 0.000000 0.000000; 0.000000 0.000000 0.000000 0.000000; 0.000000 0.000000 0.000000 0.000000; 0.000000 0.000000 0.000000 0.000000; 0.000000 0.000000 0.000000 0.000000; 0.000000 0.000000 0.000000 0.000000; 0.000000 0.000000 0.000000 0.000000; 0.000000 0.000000 0.000000 0.000000; 0.000000 0.000000 0.000000 0.000000; 0.000000 0.000000 0.000000 0.000000; 0.000000 0.000000 0.000000 0.000000; 0.000000 0.000000 0.000000 0.000000; 0.000000 0.000000 0.000000 0.000000; 0.000000 0.000000 0.000000 0.000000; 0.000000 0.000000 0.000000 0.000000; 0.000000 0.000000 0.000000 0.000000; 0.000000 0.000000 0.000000 0.000000; 0.000000 0.000000 0.000000 0.000000; 0.000000 0.000000 0.000000 0.000000; 0.000000 0.000000 0.000000 0.000000; 0.000000 0.000000 0.000000 0.000000; 0.000000 0.000000 0.000000 0.000000; 0.000000 0.000000 0.000000 0.000000; 0.000000 0.000000 0.000000 0.000000; 0.000000 0.000000 0.000000 0.000000; 0.000000 0.000000 0.000000 0.000000; 0.000000 0.000000 0.000000 0.000000; 0.000000 0.000000 0.000000 0.000000; 0.000000 0.000000 0.000000 0.000000; 0.000000 0.000000 0.000000 0.000000; 0.000000 0.000000 0.000000 0.000000; 0.000000 0.000000 0.000000 0.000000; 0.000000 0.000000 0.000000 0.000000; 0.000000 0.000000 0.000000 0.000000; 0.000000 0.000000 0.000000 0.000000; 0.000000 0.000000 0.000000 0.000000; 0.000000 0.000000 0.000000 0.000000; 0.000000 0.000000 0.000000 0.000000; 0.000000 0.000000 0.000000 0.000000; 0.000000 0.000000 0.000000 0.000000; 0.000000 0.000000 0.000000 0.000000; 0.000000 0.000000 0.000000 0.000000; 0.000000 0.000000 0.000000 0.000000; 0.000000 0.000000 0.000000 0.000000; 0.000000 0.000000 0.000000 0.000000; 0.000000 0.000000 0.000000 0.000000; 0.000000 0.000000 0.000000 0.000000; 0.000000 0.000000 0.000000 0.000000; 0.000000 0.000000 0.000000 0.000000; 0.000000 0.000000 0.000000 0.000000; 0.000000 0.000000 0.000000 0.000000; 0.000000 0.000000 0.000000 0.000000; 0.000000 0.000000 0.000000 0.000000; 0.000000 0.000000 0.000000 0.000000; 0.000000 0.000000 0.000000 0.000000; 0.000000 0.000000 0.000000 0.000000; 0.000000 0.000000 0.000000 0.000000; 0.000000 0.000000 0.000000 0.000000; 0.000000 0.000000 0.000000 0.000000; 0.000000 0.000000 0.000000 0.000000; 0.000000 0.000000 0.000000 0.000000; 0.000000 0.000000 0.000000 0.000000; 0.000000 0.000000 0.000000 0.000000; 0.000000 0.000000 0.000000 0.000000; 0.000000 0.000000 0.000000 0.000000; 0.000000 0.000000 0.000000 0.000000; 0.000000 0.000000 0.000000 0.000000; 0.000000 0.000000 0.000000 0.000000; 0.000000 0.000000 0.000000 0.000000; 0.000000 0.000000 0.000000 0.000000; 0.000000 0.000000 0.000000 0.000000; 0.000000 0.000000 0.000000 0.000000; 0.000000 0.000000 0.000000 0.000000; 0.000000 0.000000 0.000000 0.000000; 0.000000 0.000000 0.000000 0.000000; 0.000000 0.000000 0.000000 0.000000; 0.000000 0.000000 0.000000 0.000000; 0.000000 0.000000 0.000000 0.000000; 0.000000 0.000000 0.000000 0.000000; 0.000000 0.000000 0.000000 0.000000; 0.000000 0.000000 0.000000 0.000000; 0.000000 0.000000 0.000000 0.000000; 0.000000 0.000000 0.000000 0.000000; 0.000000 0.000000 0.000000 0.000000; 0.000000 0.000000 0.000000 0.000000; 0.000000 0.000000 0.000000 0.000000; 0.000000 0.000000 0.000000 0.000000; 172.348139 166.826324 0.415842 26.125604; 171.638301 166.987289 1.000000 26.218357; 170.817353 167.148254 1.000000 26.311111; 169.885292 167.309219 0.539604 26.403865; 168.842121 167.470184 1.000000 26.496618; 167.687839 167.631149 1.000000 26.589372; 166.422446 167.792114 1.000000 26.682126; 165.045941 167.953079 1.000000 26.774879; 163.558325 168.114045 1.000000 26.867633; 161.959599 168.275010 0.462436 26.960386; 160.988610 168.461263 1.000000 27.053140; 160.017621 168.647516 1.000000 27.145894; 159.046633 168.833769 1.000000 27.238647; 158.075644 169.020022 1.000000 27.331401; 157.104655 169.206275 1.000000 27.424155; 156.133667 169.392528 1.000000 27.516908; 155.162678 169.578782 1.000000 27.609662; 154.191689 169.765035 1.000000 27.702415; 153.220701 169.951288 1.000000 27.795169; 152.249712 170.137541 1.000000 27.887923; 151.278723 170.323794 1.000000 27.980676; 150.307735 170.510047 1.000000 28.073430; 149.336746 170.696300 1.000000 28.166184; 148.365757 170.882553 1.000000 28.258937; 147.394769 171.068807 1.000000 28.351691; 146.423780 171.255060 1.000000 28.444444; 145.452791 171.441313 1.000000 28.537198; 144.481803 171.627566 1.000000 28.629952; 143.510814 171.813819 1.000000 28.722705; 142.539826 172.000072 0.566487 28.815459; 139.294749 172.202511 5.283665 28.816132; 0.000000 0.000000 0.000000 0.000000; 0.000000 0.000000 0.000000 0.000000; 0.000000 0.000000 0.000000 0.000000; 0.000000 0.000000 0.000000 0.000000; 0.000000 0.000000 0.000000 0.000000; 0.000000 0.000000 0.000000 0.000000; 0.000000 0.000000 0.000000 0.000000; 0.000000 0.000000 0.000000 0.000000; 0.000000 0.000000 0.000000 0.000000; 0.000000 0.000000 0.000000 0.000000; 0.000000 0.000000 0.000000 0.000000; 0.000000 0.000000 0.000000 0.000000; 0.000000 0.000000 0.000000 0.000000; 0.000000 0.000000 0.000000 0.000000; 0.000000 0.000000 0.000000 0.000000; 0.000000 0.000000 0.000000 0.000000; 0.000000 0.000000 0.000000 0.000000; 0.000000 0.000000 0.000000 0.000000; 0.000000 0.000000 0.000000 0.000000; 0.000000 0.000000 0.000000 0.000000; 0.000000 0.000000 0.000000 0.000000; 0.000000 0.000000 0.000000 0.000000; 0.000000 0.000000 0.000000 0.000000; 0.000000 0.000000 0.000000 0.000000; 0.000000 0.000000 0.000000 0.000000; 0.000000 0.000000 0.000000 0.000000; 0.000000 0.000000 0.000000 0.000000; 0.000000 0.000000 0.000000 0.000000; 0.000000 0.000000 0.000000 0.000000; 0.000000 0.000000 0.000000 0.000000; 0.000000 0.000000 0.000000 0.000000; 0.000000 0.000000 0.000000 0.000000; 0.000000 0.000000 0.000000 0.000000; 0.000000 0.000000 0.000000 0.000000; 0.000000 0.000000 0.000000 0.000000; 0.000000 0.000000 0.000000 0.000000; 0.000000 0.000000 0.000000 0.000000; 0.000000 0.000000 0.000000 0.000000; 0.000000 0.000000 0.000000 0.000000; 0.000000 0.000000 0.000000 0.000000; 0.000000 0.000000 0.000000 0.000000; 0.000000 0.000000 0.000000 0.000000; 0.000000 0.000000 0.000000 0.000000; 0.000000 0.000000 0.000000 0.000000; 41.647454 181.560138 14.153921 37.757815; 38.468682 181.656839 14.268427 37.956920; 35.237655 181.753541 14.382934 38.156024; ]
occl=[0 0 0 0 0 0 0 0 0 0 0 0 0 0 0 0 0 0 0 0 0 0 0 0 0 0 0 0 0 0 0 0 0 0 0 0 0 0 0 0 0 0 0 0 0 0 0 0 0 0 0 0 0 0 0 0 0 0 0 0 0 0 0 0 0 0 0 0 0 0 0 0 0 0 0 0 0 0 0 0 0 0 0 0 0 0 0 0 0 0 0 0 0 0 0 0 0 0 0 0 0 0 0 0 0 0 0 0 0 0 0 0 0 0 0 0 1 1 1 1 1 1 1 1 1 1 1 1 1 1 1 1 1 1 1 1 1 1 1 1 1 1 1 1 1 1 1 0 0 0 0 0 0 0 0 0 0 0 0 0 0 0 0 0 0 0 0 0 0 0 0 0 0 0 0 0 0 0 0 0 0 0 0 0 0 0 0 0 0 0 0 1 1 1 ]
lock=[1 0 0 0 0 0 0 0 0 0 0 0 0 0 0 0 0 0 0 0 0 0 0 0 0 0 0 0 0 0 0 0 0 1 0 0 0 0 1 0 0 1 0 0 0 0 0 1 0 0 0 0 0 0 0 0 1 0 0 0 0 1 0 0 0 0 0 0 0 0 0 1 0 0 0 0 0 0 0 1 0 0 0 0 0 0 0 0 0 0 0 0 0 0 0 0 0 0 0 0 0 1 0 0 0 0 0 0 0 0 0 0 0 1 0 0 1 0 0 1 0 0 0 0 0 1 0 0 0 0 0 0 0 0 0 0 1 0 0 0 0 0 0 0 0 1 0 1 0 0 0 0 0 1 0 0 0 0 0 0 0 0 1 0 0 0 0 0 1 0 0 1 0 0 0 0 0 0 0 0 0 1 0 0 0 0 0 0 0 0 0 0 0 1 ]
