% vbb version=1.400000
nFrame=1842 n=4
log=[733424.682066 733424.682081 733424.682111 733424.682152 733424.682185 733424.682229 733424.682256 733424.682275 733424.682317 733424.682333 733424.682366 733424.682387 733424.682413 733424.682444 733424.682471 733424.682509 733424.682541 733424.682571 733424.682613 733424.682657 733424.682685 733424.682698 733424.682729 733424.682749 733424.682761 733424.682786 733424.682822 733424.682957 733424.682986 733424.682998 733424.683033 733424.683053 733424.683082 733424.683097 733424.683113 733424.683150 733424.683172 733424.683206 733424.683228 733424.683250 733424.683275 733424.683300 733424.683330 733424.683383 733424.684149 733424.684199 733424.684227 733424.684245 733424.684274 733424.684304 733424.684326 733424.684369 733424.684404 733424.684424 733424.684456 733424.684487 733424.684515 733424.684543 733424.684578 733424.684613 733424.684636 733424.684665 733424.684691 733424.684782 733424.684902 733424.684931 733424.684968 733424.684991 733424.685009 733424.685029 733424.685047 733424.685064 733424.685104 733424.685121 733424.685142 733424.685165 733424.685183 733424.685198 733424.685237 733424.685263 733424.685282 733424.685309 733424.685345 733424.685364 733424.685398 733424.685430 733424.685459 733424.685488 733424.685515 733424.685566 733424.685593 733424.685627 733424.685655 733424.685691 733424.685725 733424.685743 733424.685770 733424.685794 733424.685849 733424.685878 733424.685899 733424.685995 733424.686052 733424.686068 733424.686143 733424.687072 733424.687126 733424.687171 733424.687268 733530.527035 733530.527054 733530.527136 733530.527821 733530.527881 733530.527915 733530.527941 733530.528070 733530.528159 733530.528235 733530.528277 ]

-----------------------------------
lbl='people' str=1 end=26 hide=0
pos =[125.717391 176.345411 38.832055 58.486312; 125.717391 176.345411 38.832055 58.486312; 125.717391 176.345411 38.832055 58.486312; 124.944444 176.345411 39.310884 59.516908; 118.735294 176.345411 39.310884 59.516908; 112.526144 176.345411 39.310884 59.516908; 106.316993 176.345411 39.310884 59.516908; 101.660131 176.655868 39.310884 59.516908; 97.003268 176.966326 39.310884 59.516908; 92.346405 177.276783 39.310884 59.516908; 86.790376 177.276783 39.278678 59.516908; 81.234347 177.276783 39.246472 59.516908; 75.678318 177.276783 39.214265 59.516908; 69.158710 177.587241 39.214265 59.516908; 62.639102 177.897698 39.214265 59.516908; 56.119494 178.208156 39.214265 59.516908; 50.557545 177.898977 38.330918 59.516908; 44.995595 177.589798 37.447570 59.516908; 39.433646 177.280619 36.564223 59.516908; 33.871697 176.971441 35.680875 59.516908; 28.309747 176.662262 34.797528 59.516908; 22.747798 176.353083 33.914180 59.516908; 17.185848 176.043905 33.030833 59.516908; 11.623899 175.734726 32.147485 59.516908; 6.061949 175.425547 31.264138 59.516908; 0.500000 175.116368 30.380790 59.516908; ]
posv=[0.000000 0.000000 0.000000 0.000000; 0.000000 0.000000 0.000000 0.000000; 0.000000 0.000000 0.000000 0.000000; 0.000000 0.000000 0.000000 0.000000; 0.000000 0.000000 0.000000 0.000000; 0.000000 0.000000 0.000000 0.000000; 0.000000 0.000000 0.000000 0.000000; 0.000000 0.000000 0.000000 0.000000; 0.000000 0.000000 0.000000 0.000000; 0.000000 0.000000 0.000000 0.000000; 0.000000 0.000000 0.000000 0.000000; 0.000000 0.000000 0.000000 0.000000; 0.000000 0.000000 0.000000 0.000000; 0.000000 0.000000 0.000000 0.000000; 0.000000 0.000000 0.000000 0.000000; 0.000000 0.000000 0.000000 0.000000; 0.000000 0.000000 0.000000 0.000000; 0.000000 0.000000 0.000000 0.000000; 0.000000 0.000000 0.000000 0.000000; 0.000000 0.000000 0.000000 0.000000; 0.000000 0.000000 0.000000 0.000000; 0.000000 0.000000 0.000000 0.000000; 0.000000 0.000000 0.000000 0.000000; 0.000000 0.000000 0.000000 0.000000; 0.000000 0.000000 0.000000 0.000000; 0.000000 0.000000 0.000000 0.000000; ]
occl=[0 0 0 0 0 0 0 0 0 0 0 0 0 0 0 0 0 0 0 0 0 0 0 0 0 0 ]
lock=[0 0 0 0 0 0 1 0 0 1 0 0 1 0 0 1 0 0 0 0 0 0 0 0 0 1 ]

-----------------------------------
lbl='person' str=1 end=19 hide=0
pos =[108.560813 185.486644 16.231884 34.009662; 108.560813 185.486644 16.231884 34.009662; 108.560813 185.486644 16.231884 34.009662; 107.325519 186.192526 16.231884 34.009662; 102.737283 186.545467 16.231884 34.009662; 98.149048 186.898409 16.231884 34.009662; 93.560813 187.251350 16.231884 34.009662; 87.913754 186.912522 16.231884 34.009662; 82.266695 186.573695 16.231884 34.009662; 76.619636 186.234868 16.231884 34.009662; 71.854930 186.234868 16.231884 34.009662; 67.090224 186.234868 16.231884 34.009662; 62.325519 186.234868 16.231884 34.009662; 57.207872 186.234868 16.231884 34.009662; 52.090224 186.234868 16.231884 34.009662; 46.972577 186.234868 16.231884 34.009662; 41.913186 186.234868 16.173629 34.009662; 36.853794 186.234868 16.115374 34.009662; 31.794402 186.234868 16.057118 34.009662; ]
posv=[0.000000 0.000000 0.000000 0.000000; 0.000000 0.000000 0.000000 0.000000; 0.000000 0.000000 0.000000 0.000000; 0.000000 0.000000 0.000000 0.000000; 0.000000 0.000000 0.000000 0.000000; 0.000000 0.000000 0.000000 0.000000; 0.000000 0.000000 0.000000 0.000000; 0.000000 0.000000 0.000000 0.000000; 0.000000 0.000000 0.000000 0.000000; 0.000000 0.000000 0.000000 0.000000; 0.000000 0.000000 0.000000 0.000000; 0.000000 0.000000 0.000000 0.000000; 0.000000 0.000000 0.000000 0.000000; 0.000000 0.000000 0.000000 0.000000; 0.000000 0.000000 0.000000 0.000000; 0.000000 0.000000 0.000000 0.000000; 0.000000 0.000000 0.000000 0.000000; 0.000000 0.000000 0.000000 0.000000; 0.000000 0.000000 0.000000 0.000000; ]
occl=[0 0 0 0 0 0 0 0 0 0 0 0 0 0 0 0 0 0 0 ]
lock=[0 0 0 0 0 0 1 0 0 1 0 0 1 0 0 1 0 0 1 ]

-----------------------------------
lbl='person' str=640 end=677 hide=0
pos =[10.736193 209.451746 66.791718 162.520262; 21.492563 208.320041 68.735485 163.136559; 32.248933 207.188337 70.679251 163.752856; 43.005302 206.056632 72.623018 164.369153; 53.761672 204.924928 74.566784 164.985450; 64.518042 203.793223 76.510551 165.601746; 75.274411 202.661518 78.454317 166.218043; 86.030781 201.529814 80.398084 166.834340; 96.787151 200.398109 82.341850 167.450637; 107.543520 199.266404 84.285617 168.066934; 118.299890 198.134700 86.229383 168.683231; 129.056260 197.002995 88.173150 169.299527; 139.812629 195.871291 90.116916 169.915824; 152.580902 194.912919 89.187415 170.114874; 165.790711 193.981215 87.815873 170.249731; 179.442057 193.076177 86.002290 170.320396; 193.534939 192.197805 83.746665 170.326870; 208.069358 191.346101 81.048999 170.269151; 223.045314 190.521063 81.994203 170.944928; 238.462807 189.722692 82.886404 171.632482; 254.321836 188.950987 83.725604 172.331815; 270.622402 188.205949 84.511801 173.042926; 287.364504 187.487578 85.244997 173.765816; 304.548144 186.795873 85.925190 174.500483; 322.173320 186.130835 86.552381 175.246929; 340.240032 185.492464 87.126570 176.005153; 358.748282 184.880759 87.647757 176.775155; 377.698068 184.295721 88.115942 177.556936; 393.782724 183.324017 88.531125 178.350495; 410.095583 182.352312 88.893306 179.155832; 426.636646 181.380607 89.202484 179.972947; 443.405912 180.408903 89.458661 180.801840; 460.403382 179.437198 89.661836 181.642512; 478.644928 177.427536 89.507246 184.579710; 496.886473 175.417874 89.352657 187.516908; 515.128019 173.408213 89.198068 190.454106; 533.369565 171.398551 89.043478 193.391304; 551.611111 169.388889 88.888889 196.328502; ]
posv=[0.000000 0.000000 0.000000 0.000000; 0.000000 0.000000 0.000000 0.000000; 0.000000 0.000000 0.000000 0.000000; 0.000000 0.000000 0.000000 0.000000; 0.000000 0.000000 0.000000 0.000000; 0.000000 0.000000 0.000000 0.000000; 0.000000 0.000000 0.000000 0.000000; 0.000000 0.000000 0.000000 0.000000; 0.000000 0.000000 0.000000 0.000000; 0.000000 0.000000 0.000000 0.000000; 0.000000 0.000000 0.000000 0.000000; 0.000000 0.000000 0.000000 0.000000; 0.000000 0.000000 0.000000 0.000000; 0.000000 0.000000 0.000000 0.000000; 0.000000 0.000000 0.000000 0.000000; 0.000000 0.000000 0.000000 0.000000; 0.000000 0.000000 0.000000 0.000000; 0.000000 0.000000 0.000000 0.000000; 0.000000 0.000000 0.000000 0.000000; 0.000000 0.000000 0.000000 0.000000; 0.000000 0.000000 0.000000 0.000000; 0.000000 0.000000 0.000000 0.000000; 0.000000 0.000000 0.000000 0.000000; 0.000000 0.000000 0.000000 0.000000; 0.000000 0.000000 0.000000 0.000000; 0.000000 0.000000 0.000000 0.000000; 0.000000 0.000000 0.000000 0.000000; 0.000000 0.000000 0.000000 0.000000; 0.000000 0.000000 0.000000 0.000000; 0.000000 0.000000 0.000000 0.000000; 0.000000 0.000000 0.000000 0.000000; 0.000000 0.000000 0.000000 0.000000; 0.000000 0.000000 0.000000 0.000000; 0.000000 0.000000 0.000000 0.000000; 0.000000 0.000000 0.000000 0.000000; 0.000000 0.000000 0.000000 0.000000; 0.000000 0.000000 0.000000 0.000000; 0.000000 0.000000 0.000000 0.000000; ]
occl=[0 0 0 0 0 0 0 0 0 0 0 0 0 0 0 0 0 0 0 0 0 0 0 0 0 0 0 0 0 0 0 0 0 0 0 0 0 0 ]
lock=[1 0 0 0 0 0 0 0 0 0 0 0 1 0 0 0 0 1 0 0 0 0 0 0 0 0 0 1 0 0 0 0 1 0 0 0 0 1 ]

-----------------------------------
lbl='person' str=645 end=685 hide=0
pos =[0.500000 191.031401 51.169082 168.038647; 6.573154 190.258454 54.459627 169.650794; 12.646308 189.485507 57.750173 171.262940; 18.719462 188.712560 61.040718 172.875086; 24.792616 187.939614 64.331263 174.487233; 30.865769 187.166667 67.621808 176.099379; 36.938923 186.393720 70.912353 177.711525; 43.012077 185.620773 74.202899 179.323671; 54.297101 185.002415 76.830918 179.787440; 65.582126 184.384058 79.458937 180.251208; 76.867150 183.765700 82.086957 180.714976; 88.152174 183.147343 84.714976 181.178744; 99.437198 182.528986 87.342995 181.642512; 115.205314 180.210145 87.342995 184.115942; 130.973430 177.891304 87.342995 186.589372; 146.741546 175.572464 87.342995 189.062802; 162.509662 173.253623 87.342995 191.536232; 178.277778 170.934783 87.342995 194.009662; 192.809179 170.625604 89.816425 194.782609; 207.340580 170.316425 92.289855 195.555556; 221.871981 170.007246 94.763285 196.328502; 236.403382 169.698068 97.236715 197.101449; 250.934783 169.388889 99.710145 197.874396; 265.002415 169.388889 102.956522 199.111111; 279.070048 169.388889 106.202899 200.347826; 293.137681 169.388889 109.449275 201.584541; 307.205314 169.388889 112.695652 202.821256; 321.272947 169.388889 115.942029 204.057971; 338.123188 166.606280 115.942029 207.613527; 354.973430 163.823671 115.942029 211.169082; 371.823671 161.041063 115.942029 214.724638; 388.673913 158.258454 115.942029 218.280193; 405.524155 155.475845 115.942029 221.835749; 425.929952 154.239130 115.942029 225.236715; 446.335749 153.002415 115.942029 228.637681; 466.741546 151.765700 115.942029 232.038647; 487.147343 150.528986 115.942029 235.439614; 507.553140 149.292271 115.942029 238.840580; 526.278630 149.292271 105.265416 238.840580; 545.004120 149.292271 94.588804 238.840580; 563.729611 149.292271 83.912191 238.840580; ]
posv=[0.000000 0.000000 0.000000 0.000000; 0.000000 0.000000 0.000000 0.000000; 0.000000 0.000000 0.000000 0.000000; 0.000000 0.000000 0.000000 0.000000; 0.000000 0.000000 0.000000 0.000000; 0.000000 0.000000 0.000000 0.000000; 0.000000 0.000000 0.000000 0.000000; 0.000000 0.000000 0.000000 0.000000; 0.000000 0.000000 0.000000 0.000000; 0.000000 0.000000 0.000000 0.000000; 0.000000 0.000000 0.000000 0.000000; 0.000000 0.000000 0.000000 0.000000; 0.000000 0.000000 0.000000 0.000000; 0.000000 0.000000 0.000000 0.000000; 0.000000 0.000000 0.000000 0.000000; 0.000000 0.000000 0.000000 0.000000; 0.000000 0.000000 0.000000 0.000000; 0.000000 0.000000 0.000000 0.000000; 0.000000 0.000000 0.000000 0.000000; 0.000000 0.000000 0.000000 0.000000; 0.000000 0.000000 0.000000 0.000000; 0.000000 0.000000 0.000000 0.000000; 0.000000 0.000000 0.000000 0.000000; 0.000000 0.000000 0.000000 0.000000; 0.000000 0.000000 0.000000 0.000000; 0.000000 0.000000 0.000000 0.000000; 0.000000 0.000000 0.000000 0.000000; 0.000000 0.000000 0.000000 0.000000; 0.000000 0.000000 0.000000 0.000000; 0.000000 0.000000 0.000000 0.000000; 0.000000 0.000000 0.000000 0.000000; 0.000000 0.000000 0.000000 0.000000; 0.000000 0.000000 0.000000 0.000000; 0.000000 0.000000 0.000000 0.000000; 0.000000 0.000000 0.000000 0.000000; 0.000000 0.000000 0.000000 0.000000; 0.000000 0.000000 0.000000 0.000000; 0.000000 0.000000 0.000000 0.000000; 0.000000 0.000000 0.000000 0.000000; 0.000000 0.000000 0.000000 0.000000; 0.000000 0.000000 0.000000 0.000000; ]
occl=[0 0 0 0 0 0 0 0 0 0 0 0 0 0 0 0 0 0 0 0 0 0 0 0 0 0 0 0 0 0 0 0 0 0 0 0 0 0 0 0 0 ]
lock=[1 0 0 0 0 0 0 1 0 0 0 0 1 0 0 0 0 1 0 0 0 0 1 0 0 0 0 1 0 0 0 0 0 0 0 0 0 1 0 0 1 ]
