% vbb version=1.400000
nFrame=1841 n=1
log=[733382.579859 733382.579923 733382.579995 733382.580016 733382.580030 733382.580047 733382.580084 733382.580122 733382.580165 733382.580200 733382.580239 733382.580255 733382.580286 733382.580326 733382.580552 733382.580622 733382.580727 733382.580762 733382.580930 733382.581046 733523.704087 733523.704134 733523.704230 733523.704252 733523.704296 733612.721182 733612.721234 733612.721268 733612.721285 733612.721313 733612.721338 733612.721369 733612.721384 733612.721459 733612.721506 733612.721524 733612.721568 733612.721632 ]

-----------------------------------
lbl='person' str=1683 end=1741 hide=0
pos =[331.321256 240.777636 17.777778 38.647343; 331.321256 240.454719 17.777778 38.970260; 331.726485 240.169793 17.777778 39.052572; 332.917185 239.922856 14.354344 38.464751; 333.334316 239.713910 14.310114 38.485039; 333.694025 239.542954 14.304806 38.545903; 333.996311 239.409989 14.338421 38.647343; 334.241175 239.315013 14.410959 38.789359; 334.428616 239.258028 14.522420 38.971951; 334.558634 239.239033 14.672803 39.195119; 334.631230 239.258028 14.862109 39.458864; 334.646403 239.315013 15.090338 39.763184; 334.604154 239.409989 15.357490 40.108080; 334.504482 239.542954 15.663564 40.493552; 334.347388 239.713910 16.008562 40.919600; 334.132871 239.922856 16.392481 41.386225; 333.860932 240.169793 16.815324 41.893425; 333.531570 240.454719 17.277090 42.441201; 333.144785 240.777636 17.777778 43.029554; 332.738903 240.777636 17.777778 43.029554; 332.333021 240.777636 17.777778 43.029554; 331.927138 240.777636 17.777778 43.029554; 331.521256 240.777636 17.777778 43.029554; 331.115374 240.777636 17.777778 43.029554; 330.709491 240.777636 17.777778 43.029554; 330.303609 240.777636 17.777778 43.029554; 329.897727 240.777636 17.777778 43.029554; 329.491844 240.777636 17.777778 43.029554; 329.085962 240.777636 17.777778 43.029554; 326.612532 240.468457 17.777778 43.029554; 324.139102 240.159278 17.777778 43.029554; 321.665672 239.850099 17.777778 43.029554; 319.192242 239.540921 17.777778 43.029554; 316.718812 239.231742 17.777778 43.029554; 314.245382 238.922563 17.777778 43.029554; 311.771952 238.613384 17.777778 43.029554; 309.298522 238.304206 17.777778 43.029554; 306.825092 237.995027 17.777778 43.029554; 304.351662 237.685848 17.777778 43.029554; 299.280161 237.515056 17.690457 43.029554; 294.208660 237.344264 17.603135 43.029554; 289.137159 237.173472 17.515814 43.029554; 284.065658 237.002680 17.428493 43.029554; 273.433788 237.685848 17.777778 43.029554; 269.299718 237.002680 17.777778 43.029554; 261.066638 237.685848 17.777778 43.029554; 254.883063 237.685848 17.777778 43.029554; 248.699488 237.685848 17.777778 43.029554; 242.515914 237.685848 17.777778 43.029554; 235.066809 238.704736 17.406095 43.029554; 226.988574 239.668970 17.117008 43.029554; 218.281208 240.578550 16.910517 43.029554; 208.944712 241.433477 16.786623 43.029554; 198.979084 242.233751 16.745325 43.029554; 188.384325 242.979371 16.786623 43.029554; 177.160436 243.670338 16.910517 43.029554; 165.307415 244.306651 17.117008 43.029554; 152.825264 244.888311 17.406095 43.029554; 139.713981 245.415317 17.777778 43.029554; ]
posv=[0.000000 0.000000 0.000000 0.000000; 331.910655 240.454719 14.559573 38.545903; 332.442631 240.169793 14.437497 38.485039; 0.000000 0.000000 0.000000 0.000000; 0.000000 0.000000 0.000000 0.000000; 0.000000 0.000000 0.000000 0.000000; 0.000000 0.000000 0.000000 0.000000; 0.000000 0.000000 0.000000 0.000000; 0.000000 0.000000 0.000000 0.000000; 0.000000 0.000000 0.000000 0.000000; 0.000000 0.000000 0.000000 0.000000; 0.000000 0.000000 0.000000 0.000000; 0.000000 0.000000 0.000000 0.000000; 0.000000 0.000000 0.000000 0.000000; 0.000000 0.000000 0.000000 0.000000; 0.000000 0.000000 0.000000 0.000000; 0.000000 0.000000 0.000000 0.000000; 0.000000 0.000000 0.000000 0.000000; 0.000000 0.000000 0.000000 0.000000; 0.000000 0.000000 0.000000 0.000000; 0.000000 0.000000 0.000000 0.000000; 0.000000 0.000000 0.000000 0.000000; 0.000000 0.000000 0.000000 0.000000; 0.000000 0.000000 0.000000 0.000000; 0.000000 0.000000 0.000000 0.000000; 0.000000 0.000000 0.000000 0.000000; 0.000000 0.000000 0.000000 0.000000; 0.000000 0.000000 0.000000 0.000000; 0.000000 0.000000 0.000000 0.000000; 0.000000 0.000000 0.000000 0.000000; 0.000000 0.000000 0.000000 0.000000; 0.000000 0.000000 0.000000 0.000000; 0.000000 0.000000 0.000000 0.000000; 0.000000 0.000000 0.000000 0.000000; 0.000000 0.000000 0.000000 0.000000; 0.000000 0.000000 0.000000 0.000000; 0.000000 0.000000 0.000000 0.000000; 0.000000 0.000000 0.000000 0.000000; 0.000000 0.000000 0.000000 0.000000; 0.000000 0.000000 0.000000 0.000000; 0.000000 0.000000 0.000000 0.000000; 0.000000 0.000000 0.000000 0.000000; 0.000000 0.000000 0.000000 0.000000; 0.000000 0.000000 0.000000 0.000000; 0.000000 0.000000 0.000000 0.000000; 0.000000 0.000000 0.000000 0.000000; 0.000000 0.000000 0.000000 0.000000; 0.000000 0.000000 0.000000 0.000000; 0.000000 0.000000 0.000000 0.000000; 0.000000 0.000000 0.000000 0.000000; 0.000000 0.000000 0.000000 0.000000; 0.000000 0.000000 0.000000 0.000000; 0.000000 0.000000 0.000000 0.000000; 0.000000 0.000000 0.000000 0.000000; 0.000000 0.000000 0.000000 0.000000; 0.000000 0.000000 0.000000 0.000000; 0.000000 0.000000 0.000000 0.000000; 0.000000 0.000000 0.000000 0.000000; 0.000000 0.000000 0.000000 0.000000; ]
occl=[0 1 1 0 0 0 0 0 0 0 0 0 0 0 0 0 0 0 0 0 0 0 0 0 0 0 0 0 0 0 0 0 0 0 0 0 0 0 0 0 0 0 0 0 0 0 0 0 0 0 0 0 0 0 0 0 0 0 0 ]
lock=[1 0 0 0 0 0 1 0 0 0 0 0 0 0 0 0 0 0 1 0 0 0 0 0 0 0 0 0 1 0 0 0 0 0 0 0 0 0 1 0 0 0 1 0 0 0 0 0 1 0 1 0 0 1 0 0 0 0 1 ]
